v1 <- c(1, 5, 7, 8, 9)
v1

v1[2] <- 3
v1

v1[c(1, 5)] <- c(10, 20)
v1
